-37.91160031153228,145.13271943684285;-37.91160555806645,145.13273762605093;-37.91160774197543,145.13274594462337;-37.91161123118065,145.1327657469058;-37.91158824838453,145.13277902612577;-37.91158366299729,145.13275919696443;-37.91158143681945,145.13275004723226;-37.9115765979937,145.1327279941805
-37.911605693828776,145.13271932850398;-37.91160924057595,145.13273621617384;-37.9116113092057,145.13274432350008;-37.91161732964524,145.1327621413598;-37.911652432143846,145.1327423540419;-37.91167550695368,145.1327293467548;-37.91166662541316,145.13269427986498;-37.91164190852969,145.13270188223925
-37.91166662541316,145.13269427986498;-37.91178016145701,145.1326529874634;-37.91179920766245,145.13273387557746;-37.91167550695368,145.1327293467548
-37.911630910861014,145.13265041924396;-37.91165397167744,145.13264229295632;-37.91166662541316,145.13269427986498;-37.91164190852969,145.13270188223925
-37.91156286783653,145.13280085156745;-37.91161894394837,145.13276996420134;-37.91163207982046,145.13283720363185;-37.911607424637346,145.13284815626793;-37.91157648679998,145.1328585307655
-37.911607424637346,145.13284815626793;-37.91163207982046,145.13283720363185;-37.91163522807614,145.1328533188303;-37.91161582943433,145.13285899264733
-37.91165358443627,145.13274734119142;-37.9116766939388,145.13273517391687;-37.911794478760115,145.132742276206;-37.91180428532683,145.13277931933976;-37.91181118153625,145.1328076947369;-37.91163923817934,145.13287384566323;-37.91163522807614,145.1328533188303;-37.91163207982046,145.13283720363185;-37.91161894394837,145.13276996420134
-37.911851849545485,145.13262441430757;-37.91186951452108,145.13270125424256;-37.91188313851386,145.13276051661305;-37.91187290725077,145.13278372424293;-37.91182382388236,145.13280278523303;-37.91181688666126,145.13280590268164;-37.91180944064813,145.13277733452784;-37.91179920766245,145.13273387557746;-37.91178016145701,145.1326529874634
-37.91182382388236,145.13280278523303;-37.91187290725077,145.13278372424293;-37.911863640038774,145.13280403723635;-37.911830554868594,145.13281556508647
-37.911863640038774,145.13280403723635;-37.91191720318257,145.13302799988736;-37.91188355742123,145.13303780604912;-37.911851549743744,145.13290359710146;-37.91183609019399,145.13283877479222;-37.911830554868594,145.13281556508647
-37.91183609019399,145.13283877479222;-37.91182191230593,145.1328438521949;-37.91183620546291,145.1329058606806;-37.911851549743744,145.13290359710146
-37.9118711774174,145.13298566256327;-37.91185563755568,145.1329910868509;-37.91186762015613,145.13305026661394;-37.91189106975028,145.1330680042708;-37.91188355742123,145.13303780604912
-37.91184508142236,145.13302612128493;-37.911860848999424,145.13301909509553;-37.91186470912832,145.13304106064032;-37.911849929780885,145.13304678908992
-37.911937544590664,145.13307545478398;-37.91196198648386,145.13307552187206;-37.91196594571556,145.13309480723643;-37.91194248178139,145.13310043306126;-37.91193985181137,145.13308712746147
-37.91190429775157,145.13310958823797;-37.91193670439417,145.13310181827234;-37.91194248178139,145.13310043306126;-37.91196594571556,145.13309480723643;-37.911995933271925,145.1330876172737;-37.91200925157748,145.13314055651506;-37.911917554323814,145.13316970080058
-37.911917554323814,145.13316970080058;-37.911913983885306,145.13318350975482;-37.911927638625954,145.1332422720329;-37.911937702524,145.13328558142956;-37.91198634656281,145.13326972167044;-37.91205153389603,145.13324846819438;-37.912080962499324,145.13321177596802;-37.91207645582022,145.13318894997795;-37.91206349719411,145.1331233155399;-37.91200925157748,145.13314055651506
-37.911913983885306,145.13318350975482;-37.911900763807644,145.1332090138042;-37.91190861133256,145.13324886918545;-37.911927638625954,145.1332422720329
-37.911900763807644,145.1332090138042;-37.91190861133256,145.13324886918545;-37.91174195385568,145.13330421710117;-37.91173521168694,145.13327496182015;-37.91174728040855,145.13327023324302;-37.91175366056396,145.1332677334598;-37.91185522373962,145.13322794045135;-37.91187373062611,145.1332202488908
-37.91187373062611,145.1332202488908;-37.911857914666086,145.1331581225642;-37.91184244733751,145.1331683373788;-37.911852150548775,145.13321360370287;-37.91185522373962,145.13322794045135
-37.91184244733751,145.1331683373788;-37.911852150548775,145.13321360370287;-37.91174971609128,145.1332514818523;-37.91174428816671,145.13325348899818;-37.9116971036346,145.13327093686792;-37.91168655455338,145.13322322907732;-37.91173543449443,145.13320601786825
-37.91173543449443,145.13320601786825;-37.911729687260674,145.13317635752784;-37.911681146691144,145.13320024601367;-37.91168655455338,145.13322322907732
-37.911937702524,145.13328558142956;-37.911941339747955,145.133309468282;-37.91197316550504,145.13329796578228;-37.91198634656281,145.13326972167044
-37.91197316550504,145.13329796578228;-37.91197730167917,145.13332152312134;-37.911946469013024,145.1333320472535;-37.911941339747955,145.133309468282
-37.911946469013024,145.1333320472535;-37.91197730167917,145.13332152312134;-37.91199082114463,145.13333243234868;-37.91202003741242,145.13344813048138;-37.912004015323035,145.13345522637863;-37.91198074198605,145.13346553376616
-37.912004015323035,145.13345522637863;-37.91202003741242,145.13344813048138;-37.91202981147252,145.13349457599162;-37.91201453317492,145.13350063395458
-37.91202981147252,145.13349457599162;-37.91203715983555,145.13349730330958;-37.91204797045519,145.13354564477604;-37.912022911931786,145.13355477480138;-37.912010609296715,145.1335077412153;-37.91201453317492,145.13350063395458
-37.91206349719411,145.1331233155399;-37.912111786329426,145.13310521161156;-37.912119420903345,145.13315573397003;-37.91207645582022,145.13318894997795
-37.912110180085385,145.1330945821975;-37.91215098684342,145.13307714849148;-37.91215353579422,145.13309656583297;-37.91215467072634,145.13310521182552;-37.91215696802948,145.1331227119697;-37.912119420903345,145.13315573397003;-37.912111786329426,145.13310521161156
-37.91186951452108,145.13270125424256;-37.9119267565257,145.13267913281285;-37.91194496433286,145.13271678296624;-37.91193375451135,145.13274192708153;-37.91188313851386,145.13276051661305
-37.91202841387975,145.1327212024587;-37.91206999936071,145.13270404318843;-37.91207176474819,145.13272550251307;-37.912072469508914,145.13273406918307;-37.9120740137849,145.1327528409239;-37.91202958280937,145.13275197074844
-37.912077359318204,145.1327027495242;-37.9121399621576,145.13269848184572;-37.912150394742,145.13275513708007;-37.91208096777321,145.13275533586062;-37.9120794435075,145.1327331227329;-37.91207884635602,145.13272442029552
-37.91220249370347,145.13303002851328;-37.91221867294885,145.13311675777496;-37.91219157018353,145.13312816520676;-37.912187695358426,145.1331078702353;-37.91217473944616,145.13304001147574
-37.912153321229304,145.13304826955095;-37.912159496307126,145.13309459045848;-37.912160727727894,145.13310382769882;-37.912163483258965,145.13312449761455;-37.912187695358426,145.1331078702353;-37.91217473944616,145.13304001147574
-37.91215353579422,145.13309656583297;-37.912159496307126,145.13309459045848;-37.912160727727894,145.13310382769882;-37.91215467072634,145.13310521182552
-37.91175366056396,145.1332677334598;-37.91174728040855,145.13327023324302;-37.91174428816671,145.13325348899818;-37.91174971609128,145.1332514818523
-37.91188355742123,145.13303780604912;-37.91189106975028,145.1330680042708;-37.911926172598854,145.13306435885588;-37.91193160392052,145.1330637948294;-37.91192468406698,145.13303038828604;-37.91191720318257,145.13302799988736
-37.91189106975028,145.1330680042708;-37.91190429775157,145.13310958823797;-37.91193670439417,145.13310181827234;-37.91193278855276,145.13308789049125;-37.911926172598854,145.13306435885588
-37.91193160392052,145.1330637948294;-37.911937544590664,145.13307545478398;-37.91193985181137,145.13308712746147;-37.91193278855276,145.13308789049125;-37.911926172598854,145.13306435885588
-37.91207176474819,145.13272550251307;-37.91207884635602,145.13272442029552;-37.9120794435075,145.1327331227329;-37.912072469508914,145.13273406918307
-37.91202958280937,145.13275197074844;-37.91193375451135,145.13274192708153;-37.91194496433286,145.13271678296624;-37.91202841387975,145.1327212024587
-37.91180428532683,145.13277931933976;-37.91181118153625,145.1328076947369;-37.91181688666126,145.13280590268164;-37.91180944064813,145.13277733452784
-37.911652432143846,145.1327423540419;-37.91165358443627,145.13274734119142;-37.91161894394837,145.13276996420134;-37.91161732964524,145.1327621413598
-37.91160555806645,145.13273762605093;-37.91160924057595,145.13273621617384;-37.9116113092057,145.13274432350008;-37.91160774197543,145.13274594462337
